2019-06-11-21-41-38.441026 33 48 0 0
2019-06-11-21-41-38.482668 -54 88 0 0
2019-06-11-21-41-38.516129 -58 8 0 0
2019-06-11-21-41-38.552051 -55 28 0 0
2019-06-11-21-41-38.588085 -55 28 0 0
2019-06-11-21-41-38.625725 55 58 0 0
2019-06-11-21-41-38.660992 1 78 0 0
2019-06-11-21-41-38.696608 48 98 0 0
2019-06-11-21-41-38.730504 -19 18 0 0
2019-06-11-21-41-38.764146 -34 38 0 0
2019-06-11-21-41-38.796772 89 58 0 0
2019-06-11-21-41-38.829697 -4 78 0 0
2019-06-11-21-41-38.861403 -4 78 0 0
2019-06-11-21-41-38.897614 -4 78 0 0
2019-06-11-21-41-38.931347 -51 88 0 0
2019-06-11-21-41-38.967195 119 38 0 0
2019-06-11-21-41-39.003904 -90 58 0 0
2019-06-11-21-41-39.038078 -164 78 0 0
2019-06-11-21-41-39.071166 -40 98 0 0
2019-06-11-21-41-39.104387 144 18 0 0
2019-06-11-21-41-39.145930 -87 32 0 0
2019-06-11-21-41-39.179199 -107 38 0 0
2019-06-11-21-41-39.208684 -92 68 0 0
2019-06-11-21-41-39.244451 -66 78 0 0
2019-06-11-21-41-39.278794 -34 98 0 0
2019-06-11-21-41-39.315981 -54 18 0 0
2019-06-11-21-41-39.347954 26 38 0 0
2019-06-11-21-41-39.382286 10 57 0 0
2019-06-11-21-41-39.416587 50 77 0 0
2019-06-11-21-41-39.451290 54 87 0 0
2019-06-11-21-41-39.495158 21 7 0 0
2019-06-11-21-41-39.533048 25 27 0 0
2019-06-11-21-41-39.570709 20 47 0 0
2019-06-11-21-41-39.608697 27 67 0 0
2019-06-11-21-41-39.643368 8 87 0 0
2019-06-11-21-41-39.679754 32 7 0 0
2019-06-11-21-41-39.715466 6 27 0 0
2019-06-11-21-41-39.751221 98 47 0 0
2019-06-11-21-41-39.785774 98 47 0 0
2019-06-11-21-41-39.819913 27 87 0 0
2019-06-11-21-41-39.854421 20 7 0 0
2019-06-11-21-41-39.891046 21 27 0 0
2019-06-11-21-41-39.931656 27 37 0 0
2019-06-11-21-41-39.963420 39 57 0 0
2019-06-11-21-41-39.998453 -17 67 0 0
2019-06-11-21-41-40.036295 -22 87 0 0
2019-06-11-21-41-40.070599 25 7 0 0
2019-06-11-21-41-40.107983 25 7 0 0
2019-06-11-21-41-40.141927 519 37 0 0
2019-06-11-21-41-40.171466 119 57 0 0
2019-06-11-21-41-40.204008 -190 87 0 0
2019-06-11-21-41-40.239843 -216 97 0 0
2019-06-11-21-41-40.282532 -177 17 0 0
2019-06-11-21-41-40.317579 2 47 0 0
2019-06-11-21-41-40.353804 38 57 0 0
2019-06-11-21-41-40.389798 85 67 0 0
2019-06-11-21-41-40.422639 2 97 0 0
2019-06-11-21-41-40.459991 112 7 0 0
2019-06-11-21-41-40.496075 102 27 0 0
2019-06-11-21-41-40.535354 34 47 0 0
2019-06-11-21-41-40.573497 48 67 0 0
2019-06-11-21-41-40.610572 48 87 0 0
2019-06-11-21-41-40.645022 58 7 0 0
2019-06-11-21-41-40.676271 58 27 0 0
2019-06-11-21-41-40.721725 91 33 0 0
2019-06-11-21-41-40.757665 -23 77 0 0
2019-06-11-21-41-40.799997 51 87 0 0
2019-06-11-21-41-40.835366 42 97 0 0
2019-06-11-21-41-40.874184 -9 17 0 0
2019-06-11-21-41-40.910323 36 37 0 0
2019-06-11-21-41-40.962112 -124 57 0 0
2019-06-11-21-41-41.001185 -104 77 0 0
2019-06-11-21-41-41.038517 -74 7 0 0
2019-06-11-21-41-41.076166 -6 27 0 0
2019-06-11-21-41-41.110823 81 47 0 0
2019-06-11-21-41-41.145886 275 67 0 0
2019-06-11-21-41-41.181285 -10 87 0 0
2019-06-11-21-41-41.211084 119 7 0 0
2019-06-11-21-41-41.245826 119 7 0 0
2019-06-11-21-41-41.283034 42 27 0 0
2019-06-11-21-41-41.325377 -132 47 0 0
2019-06-11-21-41-41.365515 -264 75 0 0
2019-06-11-21-41-41.399247 331 6 30 0
2019-06-11-21-41-41.428994 152 26 30 0
2019-06-11-21-41-41.465312 152 26 30 0
2019-06-11-21-41-41.497234 10 46 30 0
2019-06-11-21-41-41.530146 390 66 30 0
2019-06-11-21-41-41.564273 91 86 30 0
2019-06-11-21-41-41.597862 91 86 30 0
2019-06-11-21-41-41.630427 257 26 30 0
2019-06-11-21-41-41.659173 151 46 30 0
2019-06-11-21-41-41.710225 151 46 30 0
2019-06-11-21-41-41.741146 281 86 30 0
2019-06-11-21-41-41.775282 251 96 30 0
2019-06-11-21-41-41.807214 377 6 30 0
2019-06-11-21-41-41.844139 330 26 30 0
2019-06-11-21-41-41.871854 -184 46 30 0
2019-06-11-21-41-41.906341 135 63 30 0
2019-06-11-21-41-41.948366 -13 75 30 0
2019-06-11-21-41-41.984508 70 6 30 0
2019-06-11-21-41-42.019180 81 26 30 0
2019-06-11-21-41-42.054722 -25 46 30 0
2019-06-11-21-41-42.087470 105 56 30 0
2019-06-11-21-41-42.126380 105 56 30 0
2019-06-11-21-41-42.160238 -42 96 30 0
2019-06-11-21-41-42.192960 -42 96 30 0
2019-06-11-21-41-42.226549 -23 26 30 0
2019-06-11-21-41-42.257887 16 46 30 0
2019-06-11-21-41-42.287952 123 66 30 0
2019-06-11-21-41-42.323250 26 76 30 0
2019-06-11-21-41-42.365979 -103 0 13 0
2019-06-11-21-41-42.402259 -171 26 13 0
2019-06-11-21-41-42.436157 -373 46 13 0
2019-06-11-21-41-42.471446 -373 46 13 0
2019-06-11-21-41-42.515819 -373 46 13 0
2019-06-11-21-41-42.555093 -1158 96 13 0
2019-06-11-21-41-42.599063 -713 16 13 0
2019-06-11-21-41-42.632701 -210 46 13 0
2019-06-11-21-41-42.665549 -103 56 13 0
2019-06-11-21-41-42.708749 534 66 13 0
2019-06-11-21-41-42.743096 875 86 13 0
2019-06-11-21-41-42.775389 705 16 13 0
2019-06-11-21-41-42.817569 913 25 13 0
2019-06-11-21-41-42.854563 432 56 13 0
2019-06-11-21-41-42.889049 122 76 13 0
2019-06-11-21-41-42.924534 963 96 13 0
2019-06-11-21-41-42.957167 916 16 13 0
2019-06-11-21-41-42.992206 328 26 13 0
2019-06-11-21-41-43.038623 160 36 13 0
2019-06-11-21-41-43.074131 -109 56 13 0
2019-06-11-21-41-43.110293 -209 66 13 0
2019-06-11-21-41-43.144471 -133 96 13 0
2019-06-11-21-41-43.182103 105 16 13 0
2019-06-11-21-41-43.221468 -97 36 13 0
2019-06-11-21-41-43.259627 -1 56 13 0
2019-06-11-21-41-43.294648 154 76 13 0
2019-06-11-21-41-43.330806 -52 96 13 0
2019-06-11-21-41-43.362602 75 15 20 0
2019-06-11-21-41-43.397185 75 15 20 0
2019-06-11-21-41-43.432767 8 25 20 0
2019-06-11-21-41-43.467817 -52 75 20 0
2019-06-11-21-41-43.497845 -86 95 20 0
2019-06-11-21-41-43.527065 61 15 20 0
2019-06-11-21-41-43.560819 61 15 20 0
2019-06-11-21-41-43.598860 122 35 20 0
2019-06-11-21-41-43.631193 -40 55 20 0
2019-06-11-21-41-43.661314 -78 65 20 0
2019-06-11-21-41-43.701357 -78 65 20 0
2019-06-11-21-41-43.738754 -110 5 20 0
2019-06-11-21-41-43.774107 33 35 20 0
2019-06-11-21-41-43.810743 55 45 20 0
2019-06-11-21-41-43.841567 102 65 20 0
2019-06-11-21-41-43.874463 -119 85 20 0
2019-06-11-21-41-43.909338 -131 5 20 0
2019-06-11-21-41-43.938464 139 25 20 0
2019-06-11-21-41-43.973510 139 25 20 0
2019-06-11-21-41-44.018060 -7 45 20 0
2019-06-11-21-41-44.052033 -87 75 20 0
2019-06-11-21-41-44.086393 -54 95 20 0
2019-06-11-21-41-44.123435 38 15 20 0
2019-06-11-21-41-44.157312 108 35 20 0
2019-06-11-21-41-44.200943 168 45 20 0
2019-06-11-21-41-44.239267 147 65 20 0
2019-06-11-21-41-44.276043 -66 85 20 0
2019-06-11-21-41-44.311057 23 15 20 0
2019-06-11-21-41-44.354708 -170 23 20 0
2019-06-11-21-41-44.389832 -118 55 43 0
2019-06-11-21-41-44.426313 327 75 43 0
2019-06-11-21-41-44.459408 -35 95 43 0
2019-06-11-21-41-44.495709 -2048 15 43 0
2019-06-11-21-41-44.538130 -2023 22 43 0
2019-06-11-21-41-44.568843 2047 35 43 0
2019-06-11-21-41-44.617639 2003 45 43 0
2019-06-11-21-41-44.663023 474 85 43 0
2019-06-11-21-41-44.699748 412 89 43 0
2019-06-11-21-41-44.739203 -2048 25 43 0
2019-06-11-21-41-44.773340 -2048 45 43 0
2019-06-11-21-41-44.809825 -1205 65 43 0
2019-06-11-21-41-44.846433 -555 85 43 0
2019-06-11-21-41-44.877269 -373 95 43 0
2019-06-11-21-41-44.912932 -373 95 43 0
2019-06-11-21-41-44.947099 -60 35 43 0
2019-06-11-21-41-44.980366 -12 55 43 0
2019-06-11-21-41-45.014094 7 75 43 0
2019-06-11-21-41-45.048986 19 95 43 0
2019-06-11-21-41-45.080515 23 15 43 0
2019-06-11-21-41-45.121354 25 27 43 0
2019-06-11-21-41-45.164357 26 45 43 0
2019-06-11-21-41-45.199522 26 55 43 0
2019-06-11-21-41-45.237719 27 85 43 0
2019-06-11-21-41-45.275181 28 5 43 0
2019-06-11-21-41-45.313369 28 25 43 0
2019-06-11-21-41-45.348141 28 35 43 0
2019-06-11-21-41-45.381570 28 54 43 0
2019-06-11-21-41-45.418846 27 74 43 0
2019-06-11-21-41-45.458375 28 94 43 0
2019-06-11-21-41-45.495773 27 14 43 0
2019-06-11-21-41-45.532357 28 34 43 0
2019-06-11-21-41-45.570698 41 54 43 0
2019-06-11-21-41-45.607554 195 74 43 0
2019-06-11-21-41-45.642741 87 4 43 0
2019-06-11-21-41-45.679592 -78 24 43 0
2019-06-11-21-41-45.712480 -22 44 43 0
2019-06-11-21-41-45.757446 48 54 43 0
2019-06-11-21-41-45.792939 6 64 43 0
2019-06-11-21-41-45.830150 12 94 43 0
2019-06-11-21-41-45.863129 102 14 43 0
2019-06-11-21-41-45.893119 43 34 43 0
2019-06-11-21-41-45.936439 256 44 43 0
2019-06-11-21-41-45.973146 -150 74 43 0
2019-06-11-21-41-46.008947 -131 84 43 0
2019-06-11-21-41-46.045996 -49 4 43 0
2019-06-11-21-41-46.078096 -49 4 43 0
2019-06-11-21-41-46.139824 -13 19 43 0
2019-06-11-21-41-46.176017 23 74 43 0
2019-06-11-21-41-46.212455 25 94 43 0
2019-06-11-21-41-46.244775 27 14 43 0
2019-06-11-21-41-46.277626 28 34 43 0
2019-06-11-21-41-46.316031 28 44 43 0
2019-06-11-21-41-46.352532 57 74 43 0
2019-06-11-21-41-46.386144 57 74 43 0
2019-06-11-21-41-46.421987 330 4 43 0
2019-06-11-21-41-46.457424 661 24 43 0
2019-06-11-21-41-46.494453 315 44 43 0
2019-06-11-21-41-46.528288 72 64 43 0
2019-06-11-21-41-46.563506 408 84 43 0
2019-06-11-21-41-46.601300 408 84 43 0
2019-06-11-21-41-46.644795 517 14 43 0
2019-06-11-21-41-46.678662 -283 24 43 0
2019-06-11-21-41-46.711535 2047 54 43 0
2019-06-11-21-41-46.755983 1948 64 43 0
2019-06-11-21-41-46.793032 -94 4 43 0
2019-06-11-21-41-46.825119 -2048 14 43 0
2019-06-11-21-41-46.861173 -2048 34 43 0
2019-06-11-21-41-46.891387 -1289 54 43 0
2019-06-11-21-41-46.939071 -1289 54 43 0
2019-06-11-21-41-46.974754 365 84 43 0
2019-06-11-21-41-47.011657 954 4 43 0
2019-06-11-21-41-47.045332 770 24 43 0
2019-06-11-21-41-47.080597 523 44 43 0
2019-06-11-21-41-47.114341 262 64 43 0
2019-06-11-21-41-47.149096 384 84 43 0
2019-06-11-21-41-47.184647 1513 4 43 0
2019-06-11-21-41-47.220195 1513 4 43 0
2019-06-11-21-41-47.267955 1188 24 43 0
2019-06-11-21-41-47.306820 405 44 43 0
2019-06-11-21-41-47.343059 -1066 71 43 0
2019-06-11-21-41-47.383366 -521 93 43 0
2019-06-11-21-41-47.443217 -2 13 43 0
2019-06-11-21-41-47.478588 1116 53 43 0
2019-06-11-21-41-47.512346 610 73 43 0
2019-06-11-21-41-47.544554 -93 93 43 0
2019-06-11-21-41-47.580079 -93 93 43 0
2019-06-11-21-41-47.614566 -323 23 43 0
2019-06-11-21-41-47.647136 -219 33 43 0
2019-06-11-21-41-47.681135 -154 53 43 0
2019-06-11-21-41-47.716035 -42 73 43 0
2019-06-11-21-41-47.753345 594 93 43 0
2019-06-11-21-41-47.789318 390 13 43 0
2019-06-11-21-41-47.826716 329 33 43 0
2019-06-11-21-41-47.862422 540 43 43 0
2019-06-11-21-41-47.896209 540 43 43 0
2019-06-11-21-41-47.935243 204 53 43 0
2019-06-11-21-41-47.975082 -1270 93 43 0
2019-06-11-21-41-48.016760 -634 23 43 0
2019-06-11-21-41-48.049205 114 43 43 0
2019-06-11-21-41-48.089322 915 53 43 0
2019-06-11-21-41-48.130112 1986 83 43 0
2019-06-11-21-41-48.161520 821 13 43 0
2019-06-11-21-41-48.197873 821 13 43 0
2019-06-11-21-41-48.227877 -25 43 43 0
2019-06-11-21-41-48.262162 -150 53 43 0
2019-06-11-21-41-48.297871 -1525 63 43 0
2019-06-11-21-41-48.333065 -344 83 43 0
2019-06-11-21-41-48.391848 777 3 43 0
2019-06-11-21-41-48.428862 338 43 43 0
2019-06-11-21-41-48.462962 59 63 43 0
2019-06-11-21-41-48.499043 59 63 43 0
2019-06-11-21-41-48.538639 -315 73 43 0
2019-06-11-21-41-48.578972 -375 13 43 0
2019-06-11-21-41-48.615308 -198 33 43 0
2019-06-11-21-41-48.656140 -220 53 43 0
2019-06-11-21-41-48.693668 -269 73 43 0
2019-06-11-21-41-48.733084 -190 93 43 0
2019-06-11-21-41-48.763880 36 13 43 0
2019-06-11-21-41-48.799588 36 13 43 0
2019-06-11-21-41-48.838710 392 43 43 0
2019-06-11-21-41-48.872867 161 63 43 0
2019-06-11-21-41-48.910273 147 83 43 0
2019-06-11-21-41-48.950139 -188 3 43 0
2019-06-11-21-41-48.987032 224 23 43 0
2019-06-11-21-41-49.026671 68 43 43 0
2019-06-11-21-41-49.060314 73 63 43 0
2019-06-11-21-41-49.099381 73 63 43 0
2019-06-11-21-41-49.135747 100 3 43 0
2019-06-11-21-41-49.174004 135 23 43 0
2019-06-11-21-41-49.210370 -88 43 43 0
2019-06-11-21-41-49.246552 -113 63 43 0
2019-06-11-21-41-49.280088 -344 83 43 0
2019-06-11-21-41-49.311291 -308 3 43 0
2019-06-11-21-41-49.346445 -83 22 66 0
2019-06-11-21-41-49.382999 -83 22 66 0
2019-06-11-21-41-49.414681 267 52 66 0
2019-06-11-21-41-49.449441 322 62 66 0
2019-06-11-21-41-49.483095 34 82 66 0
2019-06-11-21-41-49.523388 -275 2 66 0
2019-06-11-21-41-49.574118 -278 22 66 0
2019-06-11-21-41-49.609470 152 62 66 0
2019-06-11-21-41-49.645724 53 82 66 0
2019-06-11-21-41-49.680896 53 82 66 0
2019-06-11-21-41-49.711583 -89 12 66 0
2019-06-11-21-41-49.753328 -89 12 66 0
2019-06-11-21-41-49.790451 -107 32 66 0
2019-06-11-21-41-49.828045 -13 72 66 0
2019-06-11-21-41-49.862558 -3 92 66 0
2019-06-11-21-41-49.896706 114 2 66 0
2019-06-11-21-41-49.941413 -3 12 66 0
2019-06-11-21-41-49.978315 0 32 66 0
2019-06-11-21-41-50.028802 64 52 66 0
2019-06-11-21-41-50.063218 -436 92 66 0
2019-06-11-21-41-50.097218 -273 12 66 0
2019-06-11-21-41-50.130908 251 22 66 0
2019-06-11-21-41-50.162059 -306 42 66 0
2019-06-11-21-41-50.194255 -989 62 66 0
2019-06-11-21-41-50.237265 -739 72 66 0
2019-06-11-21-41-50.276518 -456 82 66 0
2019-06-11-21-41-50.307936 60 19 66 0
2019-06-11-21-41-50.352764 659 32 77 0
2019-06-11-21-41-50.389373 1346 62 77 0
2019-06-11-21-41-50.430316 1081 72 77 0
2019-06-11-21-41-50.468810 516 92 77 0
2019-06-11-21-41-50.508602 -97 12 77 0
2019-06-11-21-41-50.560805 634 32 77 0
2019-06-11-21-41-50.600501 520 52 77 0
2019-06-11-21-41-50.639419 541 82 77 0
2019-06-11-21-41-50.679005 -419 2 77 0
2019-06-11-21-41-50.716526 -241 22 77 0
2019-06-11-21-41-50.756468 -6 42 77 0
2019-06-11-21-41-50.796746 67 62 77 0
2019-06-11-21-41-50.835987 9 82 77 0
2019-06-11-21-41-50.870880 2 2 77 0
2019-06-11-21-41-50.910248 2 2 77 0
2019-06-11-21-41-50.949839 220 42 77 0
2019-06-11-21-41-50.990400 179 62 77 0
2019-06-11-21-41-51.029777 -8 82 77 0
2019-06-11-21-41-51.067981 88 2 77 0
2019-06-11-21-41-51.106966 -5 22 77 0
2019-06-11-21-41-51.147930 248 42 77 0
2019-06-11-21-41-51.179142 -67 62 77 0
2019-06-11-21-41-51.215441 -93 92 77 0
2019-06-11-21-41-51.255530 21 2 77 0
2019-06-11-21-41-51.293421 -113 32 77 0
2019-06-11-21-41-51.331164 -120 41 91 0
2019-06-11-21-41-51.365620 43 61 91 0
2019-06-11-21-41-51.405100 154 81 91 0
2019-06-11-21-41-51.443378 152 1 91 0
2019-06-11-21-41-51.479454 -644 21 91 0
2019-06-11-21-41-51.511903 -97 44 91 0
2019-06-11-21-41-51.565353 36 51 91 0
2019-06-11-21-41-51.603305 -85 91 91 0
2019-06-11-21-41-51.639946 -638 11 91 0
2019-06-11-21-41-51.677784 -722 31 91 0
2019-06-11-21-41-51.730263 -722 31 91 0
2019-06-11-21-41-51.766680 -593 71 91 0
2019-06-11-21-41-51.814488 -593 71 91 0
2019-06-11-21-41-51.855188 1290 2 91 0
2019-06-11-21-41-51.884730 -261 41 91 0
2019-06-11-21-41-51.922195 -261 41 91 0
2019-06-11-21-41-51.959076 125 71 91 0
2019-06-11-21-41-51.997002 361 91 91 0
2019-06-11-21-41-52.032677 887 11 91 0
2019-06-11-21-41-52.070636 736 31 91 0
2019-06-11-21-41-52.110225 736 31 91 0
2019-06-11-21-41-52.150153 641 61 91 0
2019-06-11-21-41-52.189635 194 81 91 0
2019-06-11-21-41-52.229136 98 1 91 0
2019-06-11-21-41-52.266589 -11 21 91 0
2019-06-11-21-41-52.317127 10 41 91 0
2019-06-11-21-41-52.351907 26 61 50 0
2019-06-11-21-41-52.389276 -165 71 50 0
2019-06-11-21-41-52.442297 -482 1 50 0
2019-06-11-21-41-52.480333 -395 41 50 0
2019-06-11-21-41-52.515087 390 61 50 0
2019-06-11-21-41-52.553976 -859 81 50 0
2019-06-11-21-41-52.587011 -1060 1 50 0
2019-06-11-21-41-52.626591 -222 21 50 0
2019-06-11-21-41-52.663670 932 31 50 0
2019-06-11-21-41-52.701718 932 31 50 0
2019-06-11-21-41-52.739968 810 71 50 0
2019-06-11-21-41-52.781695 861 91 50 0
2019-06-11-21-41-52.819778 933 11 50 0
2019-06-11-21-41-52.858225 717 31 50 0
2019-06-11-21-41-52.896637 -794 51 50 0
2019-06-11-21-41-52.933157 -103 71 50 0
2019-06-11-21-41-52.967846 387 91 50 0
2019-06-11-21-41-53.007446 387 91 50 0
2019-06-11-21-41-53.049228 -185 31 50 0
2019-06-11-21-41-53.088453 162 61 50 0
2019-06-11-21-41-53.125636 68 81 50 0
2019-06-11-21-41-53.164383 -460 1 50 0
2019-06-11-21-41-53.196328 -186 21 50 0
2019-06-11-21-41-53.246341 -253 24 50 0
2019-06-11-21-41-53.280723 -546 41 50 0
2019-06-11-21-41-53.316723 -615 67 50 0
2019-06-11-21-41-53.355615 -932 90 30 0
2019-06-11-21-41-53.396588 -779 10 30 0
2019-06-11-21-41-53.433754 1825 30 30 0
2019-06-11-21-41-53.475364 909 50 30 0
2019-06-11-21-41-53.530153 279 70 30 0
2019-06-11-21-41-53.567362 657 10 30 0
2019-06-11-21-41-53.605520 657 10 30 0
2019-06-11-21-41-53.644452 170 50 30 0
2019-06-11-21-41-53.676839 -1846 70 30 0
2019-06-11-21-41-53.724091 -2048 80 30 0
2019-06-11-21-41-53.760653 -1577 10 30 0
2019-06-11-21-41-53.794577 -683 30 30 0
2019-06-11-21-41-53.837278 -357 40 30 0
2019-06-11-21-41-53.876372 -297 50 30 0
2019-06-11-21-41-53.922670 1074 80 30 0
2019-06-11-21-41-53.961474 -58 10 30 0
2019-06-11-21-41-53.996967 717 30 30 0
2019-06-11-21-41-54.034011 1088 50 30 0
2019-06-11-21-41-54.072076 338 70 30 0
2019-06-11-21-41-54.110663 241 90 30 0
2019-06-11-21-41-54.146280 -326 10 30 0
2019-06-11-21-41-54.182531 -326 10 30 0
2019-06-11-21-41-54.220189 1329 40 30 0
2019-06-11-21-41-54.256985 647 60 30 0
2019-06-11-21-41-54.294740 313 80 30 0
2019-06-11-21-41-54.332314 -897 0 30 0
2019-06-11-21-41-54.368379 -1484 10 30 0
2019-06-11-21-41-54.404761 -1377 30 30 0
2019-06-11-21-41-54.441659 -21 50 30 0
2019-06-11-21-41-54.480465 50 70 30 0
2019-06-11-21-41-54.514358 434 0 30 0
2019-06-11-21-41-54.547317 -923 10 30 0
2019-06-11-21-41-54.584250 -2048 20 30 0
2019-06-11-21-41-54.642664 -1302 40 30 0
2019-06-11-21-41-54.683154 2047 80 30 0
2019-06-11-21-41-54.723355 1479 0 30 0
2019-06-11-21-41-54.760734 716 20 30 0
2019-06-11-21-41-54.799522 716 20 30 0
2019-06-11-21-41-54.841063 -2048 60 30 0
2019-06-11-21-41-54.878422 -1138 80 30 0
2019-06-11-21-41-54.916637 -775 90 30 0
2019-06-11-21-41-54.956094 -233 20 30 0
2019-06-11-21-41-54.994525 -97 40 30 0
2019-06-11-21-41-55.030595 -78 60 30 0
2019-06-11-21-41-55.067304 2047 80 30 0
2019-06-11-21-41-55.102554 2047 90 30 0
2019-06-11-21-41-55.158374 1208 10 30 0
2019-06-11-21-41-55.194318 293 50 30 0
2019-06-11-21-41-55.229647 153 70 30 0
2019-06-11-21-41-55.264374 87 90 30 0
2019-06-11-21-41-55.299626 60 9 30 0
2019-06-11-21-41-55.335235 51 19 30 0
2019-06-11-21-41-55.374323 43 29 30 0
2019-06-11-21-41-55.408179 33 59 30 0
2019-06-11-21-41-55.458810 29 69 30 0
2019-06-11-21-41-55.494409 -2048 9 30 0
2019-06-11-21-41-55.527501 -1435 29 30 0
2019-06-11-21-41-55.562545 -981 39 30 0
2019-06-11-21-41-55.600560 -450 59 30 0
2019-06-11-21-41-55.637127 -199 79 30 0
2019-06-11-21-41-55.672239 -199 79 30 0
2019-06-11-21-41-55.714658 -126 89 30 0
2019-06-11-21-41-55.752077 3 29 30 0
2019-06-11-21-41-55.790231 17 49 30 0
2019-06-11-21-41-55.844681 2047 69 30 0
2019-06-11-21-41-55.879725 947 99 30 0
2019-06-11-21-41-55.915809 464 19 30 0
2019-06-11-21-41-55.953444 234 39 30 0
2019-06-11-21-41-55.995191 234 39 30 0
2019-06-11-21-41-56.032568 89 69 30 0
2019-06-11-21-41-56.074591 -1756 89 30 0
2019-06-11-21-41-56.119016 -2048 9 30 0
2019-06-11-21-41-56.155148 -520 49 30 0
2019-06-11-21-41-56.194397 -520 49 30 0
2019-06-11-21-41-56.234148 2047 70 30 0
2019-06-11-21-41-56.270615 1444 89 30 0
2019-06-11-21-41-56.308803 565 19 30 0
2019-06-11-21-41-56.344519 202 49 30 0
2019-06-11-21-41-56.380766 109 69 30 0
2019-06-11-21-41-56.416776 67 89 30 0
2019-06-11-21-41-56.454539 45 9 30 0
2019-06-11-21-41-56.502019 41 19 30 0
2019-06-11-21-41-56.541170 35 39 30 0
2019-06-11-21-41-56.578021 29 59 30 0
2019-06-11-21-41-56.611763 27 89 30 0
2019-06-11-21-41-56.643444 27 9 30 0
2019-06-11-21-41-56.679581 27 9 30 0
2019-06-11-21-41-56.731667 26 29 30 0
2019-06-11-21-41-56.767420 28 69 30 0
2019-06-11-21-41-56.802069 28 89 30 0
2019-06-11-21-41-56.850820 -2048 99 30 0
2019-06-11-21-41-56.890662 -2048 9 30 0
2019-06-11-21-41-56.930329 1557 39 30 0
2019-06-11-21-41-56.968396 794 59 30 0
2019-06-11-21-41-57.006680 404 79 30 0
2019-06-11-21-41-57.047132 435 99 30 0
2019-06-11-21-41-57.085781 218 19 30 0
2019-06-11-21-41-57.127870 161 29 30 0
2019-06-11-21-41-57.157624 57 69 30 0
2019-06-11-21-41-57.206540 57 69 30 0
2019-06-11-21-41-57.241630 -12 9 30 0
2019-06-11-21-41-57.273673 18 29 30 0
2019-06-11-21-41-57.307847 -2 48 30 0
2019-06-11-21-41-57.340089 76 68 30 0
2019-06-11-21-41-57.378742 -59 78 30 0
2019-06-11-21-41-57.411095 -870 98 30 0
2019-06-11-21-41-57.450671 -1627 8 30 0
2019-06-11-21-41-57.485173 -2048 18 30 0
2019-06-11-21-41-57.518662 -1594 28 30 0
2019-06-11-21-41-57.550793 -1187 68 30 0
2019-06-11-21-41-57.584555 -724 88 30 0
2019-06-11-21-41-57.618629 -405 8 30 0
2019-06-11-21-41-57.648285 -217 28 30 0
2019-06-11-21-41-57.681800 -217 28 30 0
2019-06-11-21-41-57.717019 -69 58 30 0
2019-06-11-21-41-57.751055 -17 78 30 0
2019-06-11-21-41-57.784471 6 98 30 0
2019-06-11-21-41-57.824551 11 8 30 0
2019-06-11-21-41-57.860657 25 28 30 0
2019-06-11-21-41-57.895607 28 38 30 0
2019-06-11-21-41-57.932037 298 58 30 0
2019-06-11-21-41-57.976824 329 78 30 0
2019-06-11-21-41-58.024546 -35 98 30 0
2019-06-11-21-41-58.056944 87 38 30 0
2019-06-11-21-41-58.089704 87 38 30 0
2019-06-11-21-41-58.122503 87 38 30 0
2019-06-11-21-41-58.160432 644 78 30 0
2019-06-11-21-41-58.197140 615 98 30 0
2019-06-11-21-41-58.228826 726 18 30 0
2019-06-11-21-41-58.259837 418 38 30 0
2019-06-11-21-41-58.293789 411 58 44 0
2019-06-11-21-41-58.328391 449 68 44 0
2019-06-11-21-41-58.363526 -310 88 44 0
2019-06-11-21-41-58.394886 290 8 44 0
2019-06-11-21-41-58.427244 26 28 44 0
2019-06-11-21-41-58.459556 135 48 44 0
2019-06-11-21-41-58.493105 -65 68 44 0
2019-06-11-21-41-58.536122 18 76 44 0
2019-06-11-21-41-58.571006 -407 98 44 0
2019-06-11-21-41-58.604699 -459 18 44 0
2019-06-11-21-41-58.639620 -221 28 44 0
2019-06-11-21-41-58.673446 38 48 44 0
2019-06-11-21-41-58.707162 195 68 44 0
2019-06-11-21-41-58.749484 195 68 44 0
2019-06-11-21-41-58.782815 113 98 44 0
2019-06-11-21-41-58.820905 -281 18 44 0
2019-06-11-21-41-58.866242 732 38 44 0
2019-06-11-21-41-58.899747 453 68 44 0
2019-06-11-21-41-58.933560 512 78 44 0
2019-06-11-21-41-58.969499 273 98 44 0
2019-06-11-21-41-59.016326 273 98 44 0
2019-06-11-21-41-59.068976 291 38 44 0
2019-06-11-21-41-59.101469 230 78 44 0
2019-06-11-21-41-59.134927 28 98 44 0
2019-06-11-21-41-59.171944 28 98 44 0
2019-06-11-21-41-59.210133 288 18 44 0
2019-06-11-21-41-59.254320 732 38 44 0
2019-06-11-21-41-59.294396 -157 58 44 0
2019-06-11-21-41-59.330038 -101 87 26 0
2019-06-11-21-41-59.365623 -164 7 26 0
2019-06-11-21-41-59.396339 -2 27 26 0
2019-06-11-21-41-59.432596 -19 37 26 0
2019-06-11-21-41-59.469657 134 57 26 0
2019-06-11-21-41-59.514490 129 77 26 0
2019-06-11-21-41-59.549630 -58 97 26 0
2019-06-11-21-41-59.587115 139 17 26 0
2019-06-11-21-41-59.621556 -241 47 26 0
2019-06-11-21-41-59.656701 -44 67 26 0
2019-06-11-21-41-59.688607 -156 77 26 0
2019-06-11-21-41-59.724322 -42 87 26 0
2019-06-11-21-41-59.760407 298 7 26 0
2019-06-11-21-41-59.795622 85 27 26 0
2019-06-11-21-41-59.833577 150 47 26 0
2019-06-11-21-41-59.869097 290 67 26 0
2019-06-11-21-41-59.920321 290 67 26 0
2019-06-11-21-41-59.956586 82 17 26 0
2019-06-11-21-41-59.987240 346 37 26 0
2019-06-11-21-42-00.024814 346 37 26 0
2019-06-11-21-42-00.057102 45 67 26 0
2019-06-11-21-42-00.093170 208 87 26 0
2019-06-11-21-42-00.125981 291 7 26 0
2019-06-11-21-42-00.161225 145 27 26 0
2019-06-11-21-42-00.196912 145 27 26 0
2019-06-11-21-42-00.231722 -54 57 26 0
2019-06-11-21-42-00.261296 1 77 26 0
2019-06-11-21-42-00.296165 -166 88 48 0
2019-06-11-21-42-00.337328 -55 7 48 0
2019-06-11-21-42-00.373487 -168 37 48 0
2019-06-11-21-42-00.405264 134 57 48 0
2019-06-11-21-42-00.440774 81 67 48 0
2019-06-11-21-42-00.473794 236 77 48 0
2019-06-11-21-42-00.505984 293 97 48 0
2019-06-11-21-42-00.542010 274 7 48 0
2019-06-11-21-42-00.594879 -148 27 48 0
2019-06-11-21-42-00.627259 474 67 48 0
2019-06-11-21-42-00.663738 474 67 48 0
2019-06-11-21-42-00.699740 -171 97 48 0
2019-06-11-21-42-00.737508 -55 17 48 0
2019-06-11-21-42-00.767434 -269 37 48 0
2019-06-11-21-42-00.806011 123 47 48 0
2019-06-11-21-42-00.839119 301 77 48 0
2019-06-11-21-42-00.872990 181 87 48 0
2019-06-11-21-42-00.919006 354 97 48 0
2019-06-11-21-42-00.950131 105 37 48 0
2019-06-11-21-42-00.992927 105 37 48 0
2019-06-11-21-42-01.026762 85 77 48 0
2019-06-11-21-42-01.059262 85 77 48 0
2019-06-11-21-42-01.116499 85 77 48 0
2019-06-11-21-42-01.151778 90 37 48 0
2019-06-11-21-42-01.187997 98 57 48 0
2019-06-11-21-42-01.223023 140 77 48 0
2019-06-11-21-42-01.253640 45 95 48 0
2019-06-11-21-42-01.288903 45 95 48 0
2019-06-11-21-42-01.325253 333 26 41 0
2019-06-11-21-42-01.360371 -115 46 41 0
2019-06-11-21-42-01.397341 -115 46 41 0
2019-06-11-21-42-01.429752 -75 76 41 0
2019-06-11-21-42-01.465391 19 6 41 0
2019-06-11-21-42-01.496733 -113 16 41 0
2019-06-11-21-42-01.532034 -71 26 41 0
2019-06-11-21-42-01.577463 50 46 41 0
2019-06-11-21-42-01.611214 -163 76 41 0
2019-06-11-21-42-01.640346 -306 96 41 0
2019-06-11-21-42-01.675279 -306 96 41 0
2019-06-11-21-42-01.710293 -23 26 41 0
2019-06-11-21-42-01.742175 105 46 41 0
2019-06-11-21-42-01.781742 -24 56 41 0
2019-06-11-21-42-01.811945 -21 86 41 0
2019-06-11-21-42-01.852746 -21 86 41 0
2019-06-11-21-42-01.889902 -169 6 41 0
2019-06-11-21-42-01.927195 154 36 41 0
2019-06-11-21-42-01.960178 42 56 41 0
2019-06-11-21-42-02.007518 42 56 41 0
2019-06-11-21-42-02.041855 -17 96 41 0
2019-06-11-21-42-02.079287 107 6 41 0
2019-06-11-21-42-02.118915 118 26 41 0
2019-06-11-21-42-02.164485 252 46 41 0
2019-06-11-21-42-02.199416 151 76 41 0
2019-06-11-21-42-02.234084 48 96 41 0
2019-06-11-21-42-02.270565 48 96 41 0
2019-06-11-21-42-02.304300 103 6 41 0
2019-06-11-21-42-02.343637 -72 46 41 0
2019-06-11-21-42-02.378484 -82 66 41 0
2019-06-11-21-42-02.414665 -137 86 41 0
2019-06-11-21-42-02.448882 84 6 41 0
2019-06-11-21-42-02.486588 121 26 41 0
2019-06-11-21-42-02.523019 -54 46 41 0
2019-06-11-21-42-02.557973 460 66 41 0
2019-06-11-21-42-02.589196 460 66 41 0
2019-06-11-21-42-02.623840 522 76 41 0
2019-06-11-21-42-02.657351 -452 16 41 0
2019-06-11-21-42-02.691336 -313 36 41 0
2019-06-11-21-42-02.724119 -137 46 41 0
2019-06-11-21-42-02.758885 -10 66 41 0
2019-06-11-21-42-02.794410 89 86 41 0
2019-06-11-21-42-02.828297 -49 6 41 0
2019-06-11-21-42-02.861611 134 26 41 0
2019-06-11-21-42-02.899679 134 26 41 0
2019-06-11-21-42-02.934902 290 56 41 0
2019-06-11-21-42-02.971336 157 76 41 0
2019-06-11-21-42-03.005100 -97 96 41 0
2019-06-11-21-42-03.041913 -196 16 41 0
2019-06-11-21-42-03.079098 -184 26 41 0
2019-06-11-21-42-03.114883 -26 46 41 0
2019-06-11-21-42-03.147939 -88 66 41 0
2019-06-11-21-42-03.179825 -88 66 41 0
2019-06-11-21-42-03.214261 108 76 41 0
2019-06-11-21-42-03.246625 244 16 41 0
2019-06-11-21-42-03.292575 156 26 41 0
2019-06-11-21-42-03.330821 -39 55 29 0
2019-06-11-21-42-03.366361 2 75 29 0
2019-06-11-21-42-03.404031 310 95 29 0
2019-06-11-21-42-03.442903 23 15 29 0
2019-06-11-21-42-03.479513 -218 35 29 0
2019-06-11-21-42-03.534259 -38 55 29 0
2019-06-11-21-42-03.572192 183 85 29 0
2019-06-11-21-42-03.609757 124 5 29 0
2019-06-11-21-42-03.646315 138 25 29 0
2019-06-11-21-42-03.682738 86 45 29 0
2019-06-11-21-42-03.716812 -167 65 29 0
2019-06-11-21-42-03.750046 -108 85 29 0
2019-06-11-21-42-03.787051 -108 85 29 0
2019-06-11-21-42-03.820404 -109 15 29 0
2019-06-11-21-42-03.855360 -29 25 29 0
2019-06-11-21-42-03.888595 53 55 29 0
2019-06-11-21-42-03.925309 134 75 29 0
2019-06-11-21-42-03.966458 235 85 29 0
2019-06-11-21-42-04.002416 -43 15 29 0
2019-06-11-21-42-04.037169 45 35 29 0
2019-06-11-21-42-04.070367 162 45 29 0
2019-06-11-21-42-04.123293 92 55 29 0
2019-06-11-21-42-04.161303 -4 85 29 0
2019-06-11-21-42-04.197511 -147 5 29 0
2019-06-11-21-42-04.231290 35 25 29 0
2019-06-11-21-42-04.265555 -130 43 29 0
2019-06-11-21-42-04.301844 82 65 35 0
2019-06-11-21-42-04.335088 41 85 35 0
2019-06-11-21-42-04.372066 -213 5 35 0
2019-06-11-21-42-04.415926 -213 5 35 0
2019-06-11-21-42-04.458430 -379 45 35 0
2019-06-11-21-42-04.494792 -282 65 35 0
2019-06-11-21-42-04.529900 -185 85 35 0
2019-06-11-21-42-04.565019 199 5 35 0
2019-06-11-21-42-04.599275 501 25 35 0
2019-06-11-21-42-04.632542 123 45 35 0
2019-06-11-21-42-04.669397 123 45 35 0
2019-06-11-21-42-04.722268 -3 55 35 0
2019-06-11-21-42-04.758542 387 5 35 0
2019-06-11-21-42-04.794220 196 25 35 0
2019-06-11-21-42-04.828540 -273 45 35 0
2019-06-11-21-42-04.864390 264 65 35 0
2019-06-11-21-42-04.895841 359 85 35 0
2019-06-11-21-42-04.935973 359 85 35 0
2019-06-11-21-42-04.970879 266 5 35 0
2019-06-11-21-42-05.015995 266 5 35 0
2019-06-11-21-42-05.063050 9 55 35 0
2019-06-11-21-42-05.095702 87 85 35 0
2019-06-11-21-42-05.130351 92 95 35 0
2019-06-11-21-42-05.166875 92 95 35 0
2019-06-11-21-42-05.201789 -11 25 35 0
2019-06-11-21-42-05.238093 70 55 35 0
2019-06-11-21-42-05.273378 70 55 35 0
2019-06-11-21-42-05.307755 25 94 53 0
2019-06-11-21-42-05.338756 -81 14 53 0
2019-06-11-21-42-05.378758 -81 14 53 0
2019-06-11-21-42-05.412263 232 44 53 0
2019-06-11-21-42-05.459897 160 54 53 0
2019-06-11-21-42-05.494575 156 94 53 0
2019-06-11-21-42-05.544415 156 94 53 0
2019-06-11-21-42-05.579363 -149 14 53 0
2019-06-11-21-42-05.614832 -213 54 53 0
2019-06-11-21-42-05.661534 -253 64 53 0
2019-06-11-21-42-05.695006 -182 94 53 0
2019-06-11-21-42-05.727567 -274 14 53 0
2019-06-11-21-42-05.770942 -274 14 53 0
2019-06-11-21-42-05.808912 -260 44 53 0
2019-06-11-21-42-05.844962 -311 64 53 0
2019-06-11-21-42-05.878045 106 84 53 0
2019-06-11-21-42-05.911730 107 4 53 0
2019-06-11-21-42-05.946338 219 14 53 0
2019-06-11-21-42-05.980294 -83 24 53 0
2019-06-11-21-42-06.032640 -146 44 53 0
2019-06-11-21-42-06.068619 -59 84 53 0
2019-06-11-21-42-06.105582 4 4 53 0
2019-06-11-21-42-06.140951 150 24 53 0
2019-06-11-21-42-06.176903 150 24 53 0
2019-06-11-21-42-06.213128 194 54 53 0
2019-06-11-21-42-06.247444 43 74 53 0
2019-06-11-21-42-06.281046 4 94 47 0
2019-06-11-21-42-06.316531 -314 14 47 0
2019-06-11-21-42-06.349962 2 34 47 0
2019-06-11-21-42-06.381593 144 54 47 0
2019-06-11-21-42-06.416543 144 54 47 0
2019-06-11-21-42-06.453910 503 74 47 0
2019-06-11-21-42-06.493293 503 74 47 0
2019-06-11-21-42-06.528072 -499 24 47 0
2019-06-11-21-42-06.563058 -220 44 47 0
2019-06-11-21-42-06.596047 -118 64 47 0
2019-06-11-21-42-06.630014 -232 74 47 0
2019-06-11-21-42-06.665223 -56 84 47 0
2019-06-11-21-42-06.704995 10 4 47 0
2019-06-11-21-42-06.742058 178 24 47 0
2019-06-11-21-42-06.775087 257 44 47 0
2019-06-11-21-42-06.811625 290 64 47 0
2019-06-11-21-42-06.849858 365 84 47 0
2019-06-11-21-42-06.880852 -78 4 47 0
2019-06-11-21-42-06.920099 -78 4 47 0
2019-06-11-21-42-06.956351 -182 44 47 0
2019-06-11-21-42-06.993775 1 64 47 0
2019-06-11-21-42-07.030200 67 74 47 0
2019-06-11-21-42-07.066608 67 74 47 0
2019-06-11-21-42-07.099259 -45 84 47 0
2019-06-11-21-42-07.137598 -1564 34 47 0
2019-06-11-21-42-07.173930 -874 44 47 0
2019-06-11-21-42-07.219710 2047 64 47 0
2019-06-11-21-42-07.255939 219 3 47 0
2019-06-11-21-42-07.291930 121 23 47 0
2019-06-11-21-42-07.328321 107 43 47 0
2019-06-11-21-42-07.366079 107 43 47 0
2019-06-11-21-42-07.398258 -56 73 47 0
2019-06-11-21-42-07.457936 497 83 47 0
2019-06-11-21-42-07.494488 -2048 23 47 0
2019-06-11-21-42-07.529484 -1191 43 47 0
2019-06-11-21-42-07.565378 -682 63 47 0
2019-06-11-21-42-07.603321 -300 83 47 0
2019-06-11-21-42-07.639922 1224 3 47 0
2019-06-11-21-42-07.677009 1224 3 47 0
2019-06-11-21-42-07.712687 627 13 47 0
2019-06-11-21-42-07.752756 -140 33 47 0
2019-06-11-21-42-07.792833 -407 63 47 0
2019-06-11-21-42-07.830849 265 83 47 0
2019-06-11-21-42-07.869136 1505 3 47 0
2019-06-11-21-42-07.922289 2047 23 47 0
2019-06-11-21-42-07.958268 204 63 47 0
2019-06-11-21-42-07.998398 204 63 47 0
2019-06-11-21-42-08.032597 162 93 47 0
2019-06-11-21-42-08.070681 566 13 47 0
2019-06-11-21-42-08.107952 693 33 47 0
2019-06-11-21-42-08.144991 364 53 47 0
2019-06-11-21-42-08.184013 187 73 47 0
2019-06-11-21-42-08.223112 105 93 47 0
2019-06-11-21-42-08.258241 71 13 47 0
2019-06-11-21-42-08.314057 53 23 47 0
2019-06-11-21-42-08.349822 -17 63 47 0
2019-06-11-21-42-08.388344 -228 73 47 0
2019-06-11-21-42-08.427923 -1047 93 47 0
2019-06-11-21-42-08.465586 -740 13 47 0
2019-06-11-21-42-08.516593 -226 33 47 0
2019-06-11-21-42-08.554549 51 73 47 0
2019-06-11-21-42-08.588954 51 73 47 0
2019-06-11-21-42-08.630855 -115 93 47 0
2019-06-11-21-42-08.661942 91 33 47 0
2019-06-11-21-42-08.700919 91 33 47 0
2019-06-11-21-42-08.743982 -6 63 47 0
2019-06-11-21-42-08.779370 43 93 47 0
2019-06-11-21-42-08.815038 -113 13 47 0
2019-06-11-21-42-08.846973 -164 23 47 0
2019-06-11-21-42-08.885989 -164 23 47 0
2019-06-11-21-42-08.927598 -166 53 47 0
2019-06-11-21-42-08.962039 -169 73 47 0
2019-06-11-21-42-09.000038 221 3 47 0
2019-06-11-21-42-09.036925 -72 23 47 0
2019-06-11-21-42-09.075024 99 43 47 0
2019-06-11-21-42-09.111639 251 63 47 0
2019-06-11-21-42-09.144347 93 83 47 0
2019-06-11-21-42-09.180627 93 83 47 0
2019-06-11-21-42-09.219635 23 13 47 0
2019-06-11-21-42-09.255233 61 32 77 0
2019-06-11-21-42-09.290489 -105 52 77 0
2019-06-11-21-42-09.325513 211 72 77 0
2019-06-11-21-42-09.362248 235 92 77 0
2019-06-11-21-42-09.396867 -12 12 77 0
2019-06-11-21-42-09.434045 -257 32 77 0
2019-06-11-21-42-09.473335 -257 32 77 0
2019-06-11-21-42-09.510591 35 62 77 0
2019-06-11-21-42-09.549487 103 82 77 0
2019-06-11-21-42-09.590509 -130 2 77 0
2019-06-11-21-42-09.621458 -81 32 77 0
2019-06-11-21-42-09.657418 -81 32 77 0
2019-06-11-21-42-09.694831 -225 52 77 0
2019-06-11-21-42-09.741878 -276 72 77 0
2019-06-11-21-42-09.781460 -59 92 77 0
2019-06-11-21-42-09.818763 160 22 77 0
2019-06-11-21-42-09.857235 72 42 77 0
2019-06-11-21-42-09.897077 376 62 77 0
2019-06-11-21-42-09.934416 281 82 77 0
2019-06-11-21-42-09.973167 193 2 77 0
2019-06-11-21-42-10.006011 36 22 77 0
2019-06-11-21-42-10.043407 64 42 77 0
2019-06-11-21-42-10.083921 64 42 77 0
2019-06-11-21-42-10.125145 25 72 77 0
2019-06-11-21-42-10.177715 225 92 77 0
2019-06-11-21-42-10.220763 245 22 77 0
2019-06-11-21-42-10.268139 88 52 77 0
2019-06-11-21-42-10.314783 108 74 77 0
2019-06-11-21-42-10.347042 263 2 77 0
2019-06-11-21-42-10.387931 263 2 77 0
2019-06-11-21-42-10.427456 -262 32 77 0
2019-06-11-21-42-10.469021 -435 52 77 0
2019-06-11-21-42-10.511288 -275 72 77 0
2019-06-11-21-42-10.548125 -19 2 77 0
2019-06-11-21-42-10.582259 57 22 77 0
2019-06-11-21-42-10.631173 109 32 77 0
2019-06-11-21-42-10.665272 256 52 77 0
2019-06-11-21-42-10.700068 150 72 77 0
2019-06-11-21-42-10.757039 26 92 77 0
2019-06-11-21-42-10.791743 -130 32 77 0
2019-06-11-21-42-10.830363 7 52 77 0
2019-06-11-21-42-10.866204 241 72 77 0
2019-06-11-21-42-10.904709 148 92 77 0
2019-06-11-21-42-10.941812 -51 12 77 0
2019-06-11-21-42-10.982097 -51 12 77 0
2019-06-11-21-42-11.017193 -93 42 77 0
2019-06-11-21-42-11.057144 166 62 77 0
2019-06-11-21-42-11.096539 68 82 77 0
2019-06-11-21-42-11.133905 -3 2 77 0
2019-06-11-21-42-11.172520 -1 22 77 0
2019-06-11-21-42-11.227067 -121 32 77 0
2019-06-11-21-42-11.258459 -262 81 57 0
2019-06-11-21-42-11.310373 -104 91 57 0
2019-06-11-21-42-11.347657 733 21 57 0
2019-06-11-21-42-11.385493 243 41 57 0
2019-06-11-21-42-11.422851 394 61 57 0
2019-06-11-21-42-11.460283 247 81 57 0
2019-06-11-21-42-11.497392 132 1 57 0
2019-06-11-21-42-11.534150 132 1 57 0
2019-06-11-21-42-11.571777 89 11 57 0
2019-06-11-21-42-11.608164 262 51 57 0
2019-06-11-21-42-11.645785 278 71 57 0
2019-06-11-21-42-11.682057 316 91 57 0
2019-06-11-21-42-11.717853 134 11 57 0
2019-06-11-21-42-11.753516 25 31 57 0
2019-06-11-21-42-11.790968 -38 51 57 0
2019-06-11-21-42-11.830207 -107 71 57 0
2019-06-11-21-42-11.866652 -107 71 57 0
2019-06-11-21-42-11.905514 -183 11 57 0
2019-06-11-21-42-11.941570 -325 31 57 0
2019-06-11-21-42-11.978502 -363 41 57 0
2019-06-11-21-42-12.014085 -75 61 57 0
2019-06-11-21-42-12.052092 -218 81 57 0
2019-06-11-21-42-12.089630 -333 1 57 0
2019-06-11-21-42-12.127028 -364 21 57 0
2019-06-11-21-42-12.164467 -364 21 57 0
2019-06-11-21-42-12.202255 -413 31 57 0
2019-06-11-21-42-12.240022 -92 81 50 0
2019-06-11-21-42-12.276673 214 1 50 0
2019-06-11-21-42-12.311906 97 21 50 0
2019-06-11-21-42-12.350705 209 41 50 0
2019-06-11-21-42-12.389233 173 61 50 0
2019-06-11-21-42-12.428251 352 71 50 0
2019-06-11-21-42-12.468899 285 91 50 0
2019-06-11-21-42-12.508508 153 11 50 0
2019-06-11-21-42-12.569010 27 31 50 0
2019-06-11-21-42-12.608057 125 71 50 0
2019-06-11-21-42-12.645921 101 91 50 0
2019-06-11-21-42-12.685437 7 11 50 0
2019-06-11-21-42-12.723378 -158 31 50 0
2019-06-11-21-42-12.760411 -158 31 50 0
2019-06-11-21-42-12.797799 32 71 50 0
2019-06-11-21-42-12.849601 32 71 50 0
2019-06-11-21-42-12.887275 -525 11 50 0
2019-06-11-21-42-12.926711 -92 31 50 0
2019-06-11-21-42-12.963427 76 51 50 0
2019-06-11-21-42-13.002534 258 71 50 0
2019-06-11-21-42-13.040112 387 91 50 0
2019-06-11-21-42-13.079183 387 91 50 0
2019-06-11-21-42-13.119332 128 21 50 0
2019-06-11-21-42-13.171815 29 41 50 0
2019-06-11-21-42-13.208687 245 81 50 0
2019-06-11-21-42-13.245696 311 0 21 0
2019-06-11-21-42-13.281139 59 20 21 0
2019-06-11-21-42-13.318995 6 40 21 0
2019-06-11-21-42-13.356620 6 40 21 0
2019-06-11-21-42-13.393778 -58 80 21 0
2019-06-11-21-42-13.431454 33 0 21 0
2019-06-11-21-42-13.469454 18 10 21 0
2019-06-11-21-42-13.515223 -44 30 21 0
2019-06-11-21-42-13.552671 128 60 21 0
2019-06-11-21-42-13.590443 -41 80 21 0
2019-06-11-21-42-13.629668 -23 0 21 0
2019-06-11-21-42-13.669964 -23 0 21 0
2019-06-11-21-42-13.710335 27 30 21 0
2019-06-11-21-42-13.754307 -94 50 21 0
2019-06-11-21-42-13.788821 153 80 21 0
2019-06-11-21-42-13.823279 138 98 21 0
2019-06-11-21-42-13.860581 -102 10 21 0
2019-06-11-21-42-13.908613 -58 30 21 0
2019-06-11-21-42-13.944927 -71 50 21 0
2019-06-11-21-42-13.986226 -110 60 21 0
2019-06-11-21-42-14.035906 -91 90 21 0
2019-06-11-21-42-14.074387 -66 20 21 0
2019-06-11-21-42-14.114942 -6 50 21 0
2019-06-11-21-42-14.152337 28 60 21 0
2019-06-11-21-42-14.193445 113 80 21 0
2019-06-11-21-42-14.229079 114 10 3 0
2019-06-11-21-42-14.266286 -118 30 3 0
2019-06-11-21-42-14.304457 283 50 3 0
2019-06-11-21-42-14.343191 -60 70 3 0
2019-06-11-21-42-14.382018 -302 90 3 0
2019-06-11-21-42-14.418782 -263 10 3 0
2019-06-11-21-42-14.455743 -94 30 3 0
2019-06-11-21-42-14.494695 -71 40 3 0
2019-06-11-21-42-14.532928 -251 60 3 0
2019-06-11-21-42-14.572526 -251 60 3 0
2019-06-11-21-42-14.610822 -775 0 3 0
2019-06-11-21-42-14.651108 -684 20 3 0
2019-06-11-21-42-14.690567 -394 40 3 0
2019-06-11-21-42-14.728670 104 60 3 0
2019-06-11-21-42-14.769196 433 80 3 0
2019-06-11-21-42-14.809341 22 0 3 0
2019-06-11-21-42-14.846097 -35 20 3 0
2019-06-11-21-42-14.891459 -35 20 3 0
2019-06-11-21-42-14.931925 188 70 3 0
2019-06-11-21-42-14.966919 330 0 3 0
2019-06-11-21-42-15.006918 317 10 3 0
2019-06-11-21-42-15.041366 321 30 3 0
2019-06-11-21-42-15.091103 306 40 3 0
2019-06-11-21-42-15.123403 422 80 3 0
2019-06-11-21-42-15.161345 422 80 3 0
2019-06-11-21-42-15.197753 210 10 3 0
2019-06-11-21-42-15.235269 202 29 1 0
2019-06-11-21-42-15.273659 165 49 1 0
2019-06-11-21-42-15.313392 488 69 1 0
2019-06-11-21-42-15.347242 485 89 1 0
2019-06-11-21-42-15.386318 136 99 1 0
2019-06-11-21-42-15.438737 290 19 1 0
2019-06-11-21-42-15.475631 215 49 1 0
2019-06-11-21-42-15.511551 259 69 1 0
2019-06-11-21-42-15.545853 169 89 1 0
2019-06-11-21-42-15.591402 91 99 1 0
2019-06-11-21-42-15.624509 156 39 1 0
2019-06-11-21-42-15.660407 156 39 1 0
2019-06-11-21-42-15.697623 -49 59 1 0
2019-06-11-21-42-15.743242 66 89 1 0
2019-06-11-21-42-15.779496 -167 99 1 0
